199.83702130979557,197.87261986949804
220.93731152131235,219.72249989535405
196.00418231949018,196.7497908830903
206.97029624186763,205.60236520281498
211.77558097430813,212.40554435304577
191.12227784397737,191.7142483100649
186.6704624398493,185.98736621709347
204.6601299703827,205.3443998354239
188.44475346900083,188.82671304216544
199.95947401095938,199.70677183013728
235.90570749118226,232.5406848200889
182.3410997368851,181.09934442635094
186.38458515074274,187.68597075200202
188.2688289833968,189.17294130121533
186.95911748399178,188.4065130140909
203.31893724723804,205.8924029909692
186.76583202941367,186.7104491252264
185.68412792253494,184.10733865856375
195.9872843096887,195.23061358099605
210.27026922446177,209.06169093755463
180.20245983886414,180.08889372898304
193.63961834521976,192.9482372439479
213.83065674166713,212.56545389349841
175.84346774885086,175.4045398611922
171.08957148457367,171.01628030972753
226.05092706273257,221.80867845415352
196.9500079091983,196.88416099463777
202.1194100309219,201.523648085835
218.54543295585603,217.79228836116746
221.5930931893601,219.1895223722547
203.45967683572135,203.69163803160674
164.200276036484,164.14703547193014
170.04143191771158,171.15862398489784
219.85005190436198,218.85178246532925
177.10086486174725,177.01802091686497
217.94312307224845,216.37851970516996
202.5316751741599,200.7259234550513
190.19034102944855,190.95829919675563
200.02127906050717,202.04434198619876
192.5986546455336,194.2346905322813
187.852397207605,187.35960551103037
197.6129654444221,196.8111956341847
206.90849119231993,206.66363915629356
183.37025797766887,182.47975060506153
222.65234377636568,222.9779064678016
191.84055900033192,192.10144374994817
207.85964081251348,207.05933771948204
216.408876374112,216.6474306435177
194.20419705625702,194.65390785486554
181.6420313861953,181.35631252631433
214.71166804720542,215.21299491624788
200.24488834089334,201.4707859726984
184.37511086188894,184.787387552529
187.70911134367225,187.02322201737454
215.30911685950025,211.97357661683256
213.25265221462325,211.58395849833798
209.3098604208154,209.4648889753864
196.30417986336235,195.72446559143643
190.04173113503037,191.08914850417406
205.76359315837558,204.38312294207182
182.57813483327797,182.26145215199946
214.92138855241234,213.6430404410323
216.09661041216475,213.81572689270226
201.1576123497576,201.06371637970707
192.93476300487194,192.82634474169183
184.26886173176752,183.97997359043413
213.36121614060792,210.8489620911607
189.47854130151103,190.99863548982395
192.97550341206443,193.2592258449042
192.88661525091715,191.0377894537912
214.2649124456056,213.35751308801557
192.69240387799366,192.95799135198942
186.80009100818913,188.1080660581217
205.98419320413961,206.3227116882642
230.57727889365606,228.22994200646983
215.60054965867857,216.0982627539431
196.02200624763688,196.6998489445211
186.1276428099263,186.40764594961112
190.22413704905142,191.32468929649937
192.9380037190804,193.7446069964387
228.81895995596068,225.15439080082726
184.58899799964968,184.6242461913441
208.1830177946041,207.3414624899644
218.25793530964523,218.1014466400836
189.3597922737283,188.3463136797238
179.48927123340872,180.58325671712575
187.7683701177705,188.47199199864778
194.51900929365377,194.5668350242265
196.59561266254067,196.92532564472364
186.3517150494851,186.78215835839987
201.90968952571498,202.30246849808984
212.64524978011664,212.42765735095983
194.6507211782705,197.29961674663284
217.39845160563488,217.43850473604581
183.2739624697593,183.76772973115814
198.1324056361267,200.08993289764723
194.64933230075255,194.10547642566095
203.24440082044268,204.41587118835443
174.69116236814423,173.3094444875671
191.17065707751848,191.1590418924488
166.55210863350675,164.18632380186315
212.7931652357758,212.25460685155642
174.86454057829874,175.43956682206974
174.89278108782995,173.85793271718623
197.32870851241975,196.68549398078355
186.70726769407437,187.98377542535192
220.41833428878036,218.6408048235887
202.64718348773414,202.50147258140552
207.2029332261204,207.6194944383071
219.78500614060573,218.24888433915223
193.16207595863926,193.84474365076468
196.47940991020747,197.65183656655105
215.81050164347184,216.06938799320616
204.54786237101698,204.219438013489
197.1564877001968,198.00325409837907
213.3218646109333,213.36327553295652
185.45496313207707,186.9210365635108
206.18164529127156,205.704610927851
216.03040725047694,216.5267928206451
199.69790207841652,198.51763734583866
190.2414980180255,191.27933043713276
188.27461597305478,186.99806344562487
194.73220199265555,194.6854338755854
215.63411419869513,213.88821201358198
176.4869809988236,176.9405272649561
189.9669632286486,190.5285553603778
216.30146984605898,215.51560194143732
185.6526466987953,185.5816996854039
170.25161538209116,169.84287786956176
195.0581252501957,195.61717465729836
187.12670870448827,187.8203089908354
231.40273509847722,226.4929889188331
203.38629780685756,205.41131323198144
214.95819380663738,214.49906362123485
193.99401359187743,192.84258624727542
186.53365800433352,186.55760686467826
197.6766223306604,197.37693160711044
193.58244288739846,192.94670571098797
206.26173722813866,204.15888880029908
213.2176987970888,211.4571955609633
206.98603685373752,208.4011121604942
205.1786442437421,205.7774965546657
176.30318620728463,175.86077907295268
204.04832942373594,202.91859145622513
191.45699732579777,191.44345146741372
215.51675404843027,214.6474028087184
218.17251934229267,214.75468918128965
187.93619281785328,187.07624366510342
166.40928572874662,164.78516744160945
215.51629108925763,214.91136105277084
185.76468281857473,186.4991119689416
180.48694825045283,181.09897229575583
203.07565220201457,202.87704123652358
200.28099915635943,200.15691825662836
209.3839338884381,206.75940856686677
191.74565236994022,193.0125336618855
182.9214190597922,183.38918727365328
211.46956496119157,211.94737660674375
207.2260811847525,208.19190077410505
195.87733150618618,195.29951342532578
204.05920896429305,203.9585985967867
174.88097562892756,175.08124580194928
201.88746748542817,201.64390516338855
199.3057756591885,198.8419209163637
192.20560230796033,192.85207889266368
197.76342717553078,197.95689852821963
204.1712450840725,206.7130168311571
207.3036268461701,209.79977392136445
171.7282236632337,171.53987546601113
206.16590467940173,205.38247149603214
213.81306429310672,212.318182232839
193.27434355800503,192.89420980471456
196.60302000930292,197.53738659520033
203.37356642960984,199.55053337025103
184.2408527018227,186.3895115277007
208.0920463171799,208.1831231799567
181.9630935724227,182.5912312425264
206.8448343060816,205.17386717673182
207.12307276883962,207.91278927651203
180.64504880791017,180.9774474583064
222.43799367943225,220.90096458339323
170.49582634565996,170.8851724695771
183.52048822919133,183.7806925528341
220.90559881798637,218.6897692535019
195.80024880394123,195.0376502175702
168.381723283789,167.8298748020256
215.70471547252305,212.83882721874508
182.97790007885453,181.74078378475858
172.58006854089547,172.7419124573689
183.35104517200423,182.716886477908
198.3402743046431,199.50306873085967
208.614727223093,208.01625341549627
191.83361461274225,191.00279824938886
213.5718625641601,212.8454347976319
199.1418881120732,197.79224828969674
229.7761280453986,226.11650669261618
220.01440241065,218.00529537413033
201.40136035415378,201.461034437513
208.0392689714987,205.62432899089274
198.4483752714551,197.8571279404816
195.86066497597108,194.21901007518906
186.11560587143757,187.4371164853885
202.0555216650973,201.93176179777421
206.5397442113103,205.47176602944293
220.60004576404245,219.71422460903906
231.33954117141158,226.34334509265975
204.98767358502715,206.06916771256303
201.87936569990694,200.52247550053013
228.28678838700841,224.50991228107588
194.37364011344408,194.367308429767
199.36526591287304,198.23405901259204
208.7209763532144,204.00267133396775
209.7461994410307,210.0614042638692
206.4316432444984,206.91399250632296
190.43617235012155,190.41098859390897
187.2660594154536,187.3894699818588
217.12553717336218,214.9852262635911
215.24383961615771,213.8242581397037
194.76669245101738,194.62563432405452
207.52399541234786,206.0424746955309
199.39165458571367,201.23603796432164
197.72014049288876,198.18907420260595
199.9860941633863,203.9359541603014
208.4198214114106,208.59725791867888
180.05246106692806,179.80132523251675
184.36353688257287,183.24868345721072
212.73298054333233,212.315860072091
206.8524731324302,208.08417704185987
179.20547726057902,179.24348925344268
201.31987953976872,203.0604114846062
222.09146873870955,221.45068624859934
184.91862493057096,186.25832193971516
212.32140983885333,210.71679570834587
216.1121195444483,215.14865439114985
186.97508957544795,186.73588711117097
190.65399464084973,190.53848735156063
195.05395861764188,196.07746705360498
192.6245803592016,193.02044353157723
191.6083849752518,192.0474610795952
197.0185258667494,197.15630266983246
191.07528748795423,190.20187786124163
182.63160661771818,183.4758759441249
184.72811723102868,185.41464616209598
189.08016493345232,190.44565678511933
174.40991467076404,174.8677026582579
183.81863393637292,182.26165474321155
203.9788855478396,203.41216321468502
170.12453308920084,169.8470677007525
199.51480172563654,198.94791161910345
184.27210244597603,185.68892911279474
175.63883979454295,177.37400538000676
181.45731067631107,181.79730999815976
199.28656285352386,199.41892818003882
184.05543755317944,184.8561365969169
208.8019942084268,209.7256306191086
193.2076774371445,193.22056726600678
188.03850679500724,187.49797186904763
216.16026729840306,215.01496478456622
189.47067099557609,190.07436411585692
202.95019026622847,202.57388175394155
195.571546972656,194.79851681975217
203.73999861475616,203.3737819418345
175.55388678636308,176.41390197459734
175.594164234383,175.9503648284585
177.93905244381608,179.02582326917124
192.23291689914623,193.54032569103921
206.98904608835963,208.0920807526056
223.29701442427003,221.05736442642248
198.12175757515595,196.8771552721134
221.4974921202095,220.33395922001793
205.63743678383057,205.77068639349793
198.47916205643574,197.96742349106145
182.95729839567196,184.56206331564314
206.27562600331794,206.79218101462922
168.00765227229405,168.3753002374635
176.46823115233158,176.88679426145197
204.55434379943392,205.6429814987798
195.40025207877832,197.11583375417806
196.59885337674913,198.5043244826272
177.63095311442265,178.237350797385
195.32548417239656,195.1976220557128
189.42969910879728,192.25472520294394
198.83564061937034,197.8632855840062
200.58770960823492,200.74785435238275
173.0360833259481,172.77468511267259
179.0202935915221,179.82555999592861
206.67076165716813,205.32170769200567
202.87982047198685,204.55506234363403
199.04883331837203,196.61925004144902
197.99791599647412,198.2743001856645
202.89995919599681,201.34701207202372
180.62768783893605,180.28197768299842
183.33900823351553,183.2667246442863
169.02731985003868,168.71562773912157
220.8720342779698,219.61183471843535
224.7583450527153,223.36432821315222
199.43401535001044,198.28414009249443
180.08718300487624,180.55384626357224
185.30403844179563,184.7694290056099
193.00096616655972,192.8215451912317
210.68415472480393,209.77429466499657
190.52043091954246,188.91066555684407
197.48217947815058,196.99414825293448
195.09030091269432,198.0911278107591
183.2390090522248,184.50970993800857
194.61090668942325,194.28904802486787
203.73999861475616,203.55156116304752
202.19140018226778,203.67312079445847
180.78740875349763,181.13619728171685
189.4234491599666,191.84930293319113
215.60054965867857,216.3781374304189
190.2414980180255,191.22350185828864
188.22693117827265,188.12409825905607
194.6507211782705,197.4723120004459
186.87647927167512,188.053749226346
213.91861898446922,211.61455484384797
189.69821542892979,191.4023646348318
186.81536866088635,187.873694984104
208.6735230380186,211.11251992758517
194.44771358106684,194.04244602855297
238.6448054361203,234.6559108492983
209.70314423797498,206.26704500314182
184.91862493057096,186.1739869571301
174.89278108782995,173.81329867541322
201.8365419764375,201.24071615082735
211.4533613901491,210.74577178480573
206.33233850196655,205.99716991387655
228.55785098259048,224.03104540178256
184.3253427508299,184.4551627256789
203.24440082044268,204.5259711781495
197.45139269316988,197.2677749125593
214.71166804720542,215.58119335809343
191.99125221102696,193.52293441151974
184.798255545684,184.63620840896866
215.51675404843027,214.63858342005202
196.87153632943546,197.4449768222261
189.32692217247066,189.6969599537571
175.84346774885086,175.15871299879225
189.7104838470048,188.71647232750834
186.1276428099263,186.29996575385067
188.11697837477013,187.13251015806398
178.38117845368947,180.04506173382165
201.83931973147335,203.58878269170364
196.35325353566247,195.487654585328
237.51402765694152,234.00292384741434
200.50414547757308,199.6286165909559
182.72882804397304,183.5291064158413
194.46067643790087,196.57813594449672
187.45193752326946,186.1816138167127
205.67354759929663,204.83740808081703
189.26974671464936,190.270840453533
209.8024489805068,208.67344206823046
193.93845849116033,193.6090751013784
197.22431121898884,199.34548833670183
198.12175757515595,196.7015104594797
185.16723400627984,186.31356522941624
197.41667075522173,199.92711638171355
204.1712450840725,206.99193392213002
206.69738180959502,208.6494033820526
206.18164529127156,205.66950544506395
185.76468281857473,186.72066349694015
204.27494793874433,206.76531812553586
189.39636604836704,188.80180195961603
182.07258341675262,183.5684098909666
197.2182927497445,198.3915019916989
193.6849883441387,196.70159537379155
189.2690522758904,189.3989647127918
169.07824535902932,168.08953349238507
216.03040725047694,216.83513922912007
205.2804952617234,203.23167561077676
200.84742970408726,201.73654445610887
171.46850356738136,171.93266985833466
187.9385076137165,188.33302840094157
215.6086514441998,215.6224661999262
216.17392459399605,216.55669554974466
199.11989755137262,200.5750466880053
215.92253776325128,212.56570471382648
205.1786442437421,205.95824304132557
192.50953500479994,193.64401236928134
187.21119875349552,188.20133835147445
217.39845160563488,217.72653960448397
184.00752127881097,184.61922285634287
209.00662216273471,208.78931756275634
196.63033460048885,196.4314081273018
177.59113862557544,178.21772345771288
212.3769649395704,215.35520737229345
170.40508634782208,171.07097252858867
183.35104517200423,182.65010245955514
190.04173113503037,191.2086659317985
204.8228601195665,208.1251113777952
217.53710787784124,216.430090369557
193.68521982372502,194.5401163378564
194.17711394465746,194.58572618241047
198.72221562207292,198.80998576158518
180.05547030155023,181.36247319030886
192.5986546455336,194.4529190139987
210.7098489588856,210.57818383720215
198.44629195517814,198.28502355674883
190.41325587107576,191.05211199428746
219.43246273063863,217.70672403083645
177.10086486174725,176.95464412708068
190.37737653519602,188.69314091834454
222.09146873870955,221.71656630948283
184.43992514605887,184.09737645101055
195.4606682508081,195.47498884577195
192.98615147303516,195.94781837578503
188.93618463076058,190.46034809157405
197.32477335945225,197.19758977295888
224.73519709408322,222.3348367317557
218.25793530964523,218.30174943857574
199.3057756591885,199.05359741526868
187.12670870448827,187.87498005507737
186.86745156780864,188.3540923017553
173.70343897331196,173.70490441418295
187.07786651177452,187.2808197908595
203.13421653735378,201.57936740305482
177.66289729733495,177.73802298102774
190.25654419113633,190.59906033734083
194.59331424086284,196.88560314047245
217.141277785232,217.68834376681107
183.37025797766887,182.25219478256682
195.95418272884478,195.4321247547622
201.1576123497576,201.15717527694974
210.27026922446177,209.2202278979386
198.81064082404762,197.51644066085342
213.10334788144615,211.66787265770645
183.14896349314589,183.46697572373355
199.05230551216687,199.1056124214155
228.81895995596068,225.30692840526754
200.51872869151126,199.73523194437476
218.32136071629716,217.73789459196692
185.89500582567354,185.36631934475477
202.55898976534579,203.73634980965508
186.54963009578967,187.01133568385185
191.17065707751848,191.0772916590246
183.8788186288164,184.22884585717955
172.8851586356667,173.86993977494618
206.16590467940173,205.11024563856554
187.83341588152672,187.59877682640777
218.41418403041195,215.61127011147565
185.68412792253494,183.88576806898678
195.99631201355527,194.40210370736114
204.6874445615686,206.80476893548885
216.88942799531466,215.91642790368533
193.82989456517575,196.22680466870057
178.35849345422997,179.4970567522071
209.9353182630551,207.94640223413504
232.80364955489273,230.54759331774758
203.01639342791634,202.14316467907943
192.7627736722353,193.2325657691678
178.93927573630972,177.98486328545587
202.1745021724664,203.86237623747766
200.64997761695537,198.95119720775293
198.90647337278455,198.5129778933705
170.2115694136576,169.69981793384105
207.99922300306508,210.77537927082258
205.68766785406223,205.1739063338338
192.88661525091715,190.98058359891357
170.04143191771158,171.07075542847477
195.82177640546908,194.59782022819982
186.582268717461,186.0766103739783
200.86016108133492,200.61524202032697
178.8999242066351,180.423874693572
175.19208419294313,175.30853932423057
205.98419320413961,206.49846734562644
169.62384274398823,168.40833094572704
191.24588794307292,192.77294496419077
176.86475568369968,176.0057929533631
192.60976566567703,194.03621194348366
196.00418231949018,196.85997462035348
196.0608948181388,197.93721554555682
176.22610350503967,177.54232198778882
173.0360833259481,172.92289959922314
205.06545072603103,206.89343296295456
214.08366392951618,217.31060222301076
188.69752917726353,189.8150215124687
169.2891232621679,170.3930423234498
163.81254772939613,163.8213323967515
206.28905181932456,205.5056811941619
168.00765227229405,168.25421156943358
223.50117941940525,221.33379774617416
186.97508957544795,186.6975467714507
193.17411289712797,193.7388151762922
175.8133754026291,175.937783259859
180.40014340558244,181.08363257951615
196.5180670011231,197.29361922547483
189.8169644567125,188.35006981643178
196.4490860843994,194.5974736918278
195.571546972656,194.7799473246031
210.31124111124063,212.78144977026923
181.24944200779464,181.6002057198033
218.0389556209854,217.4769633482496
190.73941060820223,193.3014129343334
207.66797571503955,206.93559363266323
207.53857862628604,206.59412366375741
202.30112150618402,200.86431454377308
179.72491745228362,180.00000244075036
199.83702130979557,197.84520794680967
169.02731985003868,168.63719656455888
213.43505812864433,215.7784731370197
195.06854183158012,196.07665739612813
191.84055900033192,192.12420988487875
204.55434379943392,205.97891806500766
196.31667976102372,197.6319558900781
177.63095311442265,178.34855783823255
186.21954020569572,185.86075397437972
213.51584450427043,213.46656792888044
196.02200624763688,196.91031640284714
192.23291689914623,193.63766279862617
171.35554152925664,172.26031355119395
203.97518187445846,204.08177826479542
171.7282236632337,171.43508024995313
189.2778485001706,190.86722696036932
196.59561266254067,197.2014220704256
201.27728729588563,202.63071980080704
186.3968535688177,186.19070889430978
202.58167476480523,202.25339149659513
214.81351906518668,212.9284699782642
208.3899605447752,210.33193032394948
175.61939550929196,175.6304727423973
182.22165627034343,181.29671353461904
208.63671778379353,208.50501782326924
177.7358133670261,178.71626909451462
184.54293356197178,185.53718072721577
205.44484576801142,204.81095689363443
204.52425145321223,203.38506118954425
189.8806213429508,191.55850035795734
200.45715512154985,201.51026689188453
218.6512191268048,216.89936507814255
206.90849119231993,206.60356024812918
200.24488834089334,201.68383790134104
166.40928572874662,164.7303758330469
211.31817731173754,209.53649994297157
197.63426156636362,196.90777745661686
216.45818152599838,214.7733902037966
199.93215941977348,199.5912840674986
194.76669245101738,194.7797410035504
206.67076165716813,205.29965267342723
181.97420459256614,182.20153161165868
198.77314113106357,197.2618256836203
198.10231328990497,198.5928206449668
187.61628802955747,187.87843153719078
192.8349953031675,192.00500449185952
174.69116236814423,173.24504083889852
195.9872843096887,195.08522259759312
207.3036268461701,210.12375538063307
206.06451662059303,204.82285265374836
207.85964081251348,207.09231262500853
208.8019942084268,209.87714278501144
222.70141744866572,220.72626349004386
213.58644577809835,209.91083335485328
185.45496313207707,187.15527526326278
185.10103084459203,184.34714895802952
192.40212847674695,194.43585221687627
192.4581465366367,194.15490940426994
200.50993246723107,198.51330950110233
212.77372095052485,212.49660395018478
186.98782095269559,185.88221117285653
198.08333196382662,200.86060272773275
204.6129081347732,203.63184779989174
212.80103554171075,211.46835509256235
190.5583935716991,192.328888023916
205.6311868349999,205.7598691316904
188.2461439839373,187.93874144524935
220.88800636942597,221.2953826655279
197.32245856358907,199.17978994459682
196.43542878880643,195.7736439740328
207.45038490389766,206.37191544450494
193.22920503867235,194.12401593170026
204.5524919627434,203.16166649469292
174.02751039416154,173.4723720901267
191.42181242867696,192.2803774588248
199.5921159074678,199.2501131347241
200.29488793153874,201.27249242185044
197.7706030427068,198.818884612699
187.24892992606587,186.60032568918487
201.1738159208001,201.30126008862877
196.0986259907092,196.5520554440599
207.75778979453213,210.00133072395093
207.2427477149676,207.13226407748076
211.46956496119157,212.01223363205
179.48927123340872,180.63497042167947
200.4562292032046,203.42497156353366
181.13254481670245,180.4382020849187
185.30403844179563,184.6601447051561
187.5225387970974,187.95071685506278
203.37356642960984,199.4617140223535
197.6766223306604,197.32710833672482
175.35296250543635,175.11024050991776
184.26886173176752,184.14894123460354
186.6704624398493,185.9071341053931
184.77765386250138,185.73672979478047
195.23983672545776,194.61762324864904
218.93871677301567,218.3253504284095
195.0581252501957,195.8581955634094
214.7433807505314,216.36510833056073
203.45967683572135,203.80632337686657
195.46807559757045,197.4073313025407
208.58000528514484,206.02630862682796
215.63411419869513,213.80853324028513
194.1528085880937,193.29688480875836
212.3769649395704,214.85756568564625
193.93915292991935,193.47396557241905
213.10334788144615,211.60894040777816
213.25265221462325,211.3933425542357
196.9500079091983,196.65357579135048
190.98200121466678,191.1888255048582
184.3024262717841,183.06438959172533
193.24633452806012,194.07486932245297
182.36586805262147,182.8982799590833
193.81068175951108,193.90627123217064
197.6129654444221,196.72329706722462
181.79781714778937,182.38927057284604
192.99425325855643,193.2943679714292
204.1376805440559,203.71598453142974
198.18032191049514,199.3277185210584
230.57727889365606,228.2572964647386
215.63411419869513,213.67178723307484
197.07755316126128,195.72248461992262
206.67076165716813,205.22629797571517
195.58057467652247,195.92099378738772
170.2115694136576,169.67356441320453
205.11614475543539,204.21881061513727
202.80667292270937,203.00841713709383
187.9385076137165,188.25752566285973
198.4150422110248,196.50083246650388
205.1786442437421,205.80179921970534
184.2408527018227,186.6100055189686
200.7314584313404,201.39880790068173
191.83361461274225,191.06233119896615
192.97550341206443,193.19256094880598
207.2029332261204,207.51576286088334
196.19677333530936,196.87959408555957
205.06869144023955,206.44380471323007
229.20298458966747,227.51295425538433
204.55434379943392,205.60880118687078
220.22203959958003,221.77129857182513
166.0965568076268,167.330449790006
167.3368244311354,167.45398936666595
207.12307276883962,207.74572091634423
195.04053280163527,193.71284661788854
190.82505805514108,189.57514699519606
195.07293994372023,197.92552362605215
190.41487622818,190.62628711763273
206.68858558531483,207.12678037330693
201.97681860574812,201.76371757899733
195.69862926554626,196.42802470045012
200.50414547757308,199.32635182526678
174.86454057829874,175.65567124264476
184.36353688257287,183.11137086501776
180.08718300487624,180.64730283685253
183.35104517200423,182.7144735304878
186.73296192815602,188.2487140809135
192.7627736722353,193.2691001597052
222.43799367943225,220.9717570547573
170.25161538209116,169.84250788331178
195.99631201355527,194.51987186208476
202.0555216650973,201.8884472652171
188.99266564982295,189.6915977317085
216.6317912157392,216.07866618633875
225.05996295369178,222.90958849574076
177.3622053147038,177.91031196391145
197.99999931275102,197.83509759897765
211.77442357637648,212.64034882030523
177.66289729733495,177.85882067740965
203.04810613124235,204.62491917006764
192.40745250723234,191.05172854116222
169.2891232621679,170.41745713964428
182.63160661771818,183.46375826265285
189.8806213429508,191.49516644902633
192.50953500479994,193.5940478506634
170.4152714496202,170.40603215184126
204.6129081347732,203.5889407522418
186.3968535688177,186.30156071147508
180.77189962121415,180.70844480414394
197.22431121898884,199.19674307823084
220.90559881798637,218.7919108492731
185.3058902784862,187.51036361364004
203.97518187445846,203.8499091922679
172.8851586356667,173.90063330437897
181.10060063379015,179.6376489549723
220.0199579207217,219.96963660630854
200.1094727828955,198.16293928152777
230.53376073142766,227.35998787624635
190.81209519830708,190.50458490961523
184.27210244597603,185.88548645149945
174.35111885583848,174.1770043787924
205.90386978768623,207.45391654019545
179.72491745228362,180.35051454869927
185.91491307009716,184.91282340542352
169.07824535902932,168.24853117073928
191.24588794307292,192.5917830759647
206.9149726207369,204.461214950187
208.58255156059437,207.38771579771696
216.1121195444483,215.07817252300106
215.60054965867857,216.32535678536533
190.65399464084973,190.4830246866777
193.43036079918545,194.09036306210896
202.67542399726528,201.03714871738725
193.91785680797773,191.78482968885987
204.83790629267733,204.52788571745054
186.80009100818913,188.16597912439033
217.141277785232,217.64679073742832
221.0067553972087,219.0325085929867
195.95418272884478,195.52054220520677
217.53710787784124,216.3684546341285
195.571546972656,194.7356747046308
184.74478376124378,185.51862482278602
209.59041367943658,209.0472936354056
184.7753390666382,183.80888390725738
201.33446275370696,199.86056784469883
182.97790007885453,181.86905292483175
194.76669245101738,194.65423644115822
194.1016515995168,193.0432061398676
199.39165458571367,201.43777580799042
183.77581021290354,186.20634197905815
201.2265932664813,200.24019118044316
185.47556481525962,187.41965327347498
192.04310363836288,192.11423742291686
206.72307604367668,209.0073834507832
207.77561372267886,207.97558309556075
188.03850679500724,187.4701405427029
192.92087422969263,193.03360923555806
204.41406717012333,203.58222801389115
213.10427379979143,213.90930830873845
179.08418195734671,180.1269439093412
215.6086514441998,215.5097878147808
204.69091675536342,203.6073448675686
202.03746625736426,204.09596795856896
187.0132837071909,186.46582187192917
177.37169597774297,177.28294221550414
180.78740875349763,181.0724686849719
200.91409582494776,203.45017065959746
209.8024489805068,208.81853102291757
199.94442783784854,201.23555556917813
166.6291913357517,165.97621318854362
209.01773318287806,206.42037714988965
208.33949799495716,207.53057575707885
198.4817083318853,196.82088735031311
205.68766785406223,205.3619122198063
194.61090668942325,194.5683713436481
210.46586947490317,212.07406535742234
186.81536866088635,187.72611176944542
203.7270357579222,203.79042282285468
208.86194742128396,208.71467830552342
185.16723400627984,186.21270264614122
196.87153632943546,197.58127738082158
185.63250797478534,186.39883564217178
210.026058260893,209.79852593850023
190.1146472047215,190.85771921065316
197.94328681410232,196.13200924060652
190.6926517317654,193.07911150049017
189.4234491599666,191.53667989505175
198.83193694598916,198.5312032021668
196.04145053288786,195.50181481974073
192.88661525091715,190.93794306681116
185.30403844179563,184.88148966468225
184.00752127881097,184.54193233103456
191.8287535414295,190.32134775341024
219.60097986948043,217.43581111032586
178.25641095666236,177.3716657901241
205.37933704508248,204.2243085465434
184.34872218904835,184.84133511997857
215.92253776325128,212.4716590884732
223.50117941940525,221.29179393768914
203.37356642960984,199.67897021967042
188.40563341891252,187.99586064969617
184.26886173176752,184.1195747861666
185.96769041577835,186.34228201760243
208.1830177946041,207.3479344497248
178.6355745190564,180.14148387524165
202.88630190040385,205.2778792607146
202.64718348773414,202.42821233002132
189.2690522758904,189.28552205455594
181.7649470465318,182.76975733914173
194.20766925005182,193.7749058248935
207.03024945472484,206.98774050285215
187.7683701177705,188.3957268261629
213.91861898446922,211.6448536831051
190.41325587107576,191.266089190593
208.56727390789717,207.18217794763132
197.72014049288876,198.14796633101082
208.8019942084268,209.6247979217021
214.3306526481208,213.3605817828311
192.43291526172766,192.5462179930464
207.76010459039537,206.85230059599758
177.5492408204513,177.990582161249
216.09661041216475,213.87768440009722
201.9569113613245,203.37237344170876
205.0177659312489,204.33114554034978
171.24003321568242,171.25241762559438
198.81064082404762,197.5577588945455
183.94386439257266,183.69072595737907
220.62226780432923,217.30879198652087
183.81030067126537,183.77398831480537
201.09858505524574,204.37109505714147
209.00662216273471,208.7132481503661
213.83065674166713,212.4229742780269
204.00319090440337,202.74440046043242
210.08554851457748,210.2320848084812
185.76468281857473,186.64083611000956
181.08578594026562,180.71593850537556
170.54420557920108,171.05556807292714
178.52978834810762,179.32369799338016
198.32846884574073,199.57770495163027
201.916170954132,200.9936543710396
188.2461439839373,188.06339339045803
194.19516935239045,195.35407168822644
186.38458515074274,187.53302884136815
235.90570749118226,232.5681702928623
183.29734190797777,183.30291392083154
196.0608948181388,197.74820882151425
179.0202935915221,180.00055243063696
198.34328353926526,200.1562978974796
210.31124111124063,212.45804110841004
213.51584450427043,213.17233258517194
176.46823115233158,176.70296417961686
207.3716818445485,206.61527702643752
204.52425145321223,203.4678319417119
187.2723093642843,187.31832866036234
194.73775750272725,195.38625128550552
213.19455083845665,211.39470297362686
202.38213936139638,202.1900264073863
174.40991467076404,174.87546842977554
215.51675404843027,214.61116545629125
210.32906503938736,212.54276132547443
217.40863670743295,217.05926779918423
181.9630935724227,182.54837345688634
178.22840192671748,179.49917192102203
193.99401359187743,192.75973832536215
178.81149900466045,176.63740607152658
190.30006235336472,189.0086526064681
207.66797571503955,206.82159794356994
199.46364473705955,201.31068305028862
213.2968648156106,211.27857884978516
185.0591330394679,184.22386680605064
212.1093745377832,211.36826818161285
213.36121614060792,210.9589278239455
191.5130153856875,191.98654892711852
202.03723477777797,199.6406708690888
191.6153293628414,190.79603357066048
205.6311868349999,205.801185184838
169.4305572894101,169.40002388285518
202.6133874681312,200.53556724493114
207.20200730777515,208.91231852458736
197.607872893523,195.43316088760037
201.06826122943764,200.24939362741316
206.28743146222033,207.90740362539714
183.09479726994675,184.0306285313825
231.33954117141158,226.22779433972914
186.5232414229491,187.5066921654443
202.1745021724664,203.68369865641102
185.68597975922555,186.5415783425168
170.40508634782208,171.02736553051864
198.68402149032997,197.32468834301062
208.7209763532144,203.89157202323577
196.47940991020747,197.68925645499962
200.02127906050717,202.0985576278265
190.96579764362434,191.67991663184876
179.48927123340872,180.59365033768313
205.76359315837558,204.35307661612137
200.8381705206345,199.7610741801384
224.11853547612372,221.78464453007018
183.52048822919133,183.7841520970651
220.01440241065,217.97882234708527
202.5316751741599,200.7932233520844
197.98657349674434,195.54935125139173
190.4366353092942,190.1271114842907
207.50848628006432,207.58839974978673
186.70726769407437,187.88855065867165
190.52552347044153,189.74345239060608
213.58551985975305,210.09630686821242
210.02258606709813,210.8663483994676
200.21965706598436,201.53978869254047
195.49006615827088,194.1303767940617
196.00418231949018,196.76453133489872
221.4974921202095,220.4508470213375
195.4933068724794,194.90303842680305
205.63743678383057,205.7798300603704
174.88097562892756,175.1034431162982
175.56985887781926,175.7934759321181
198.1324056361267,200.17004552042204
197.75324207373268,197.24475012564426
186.62925907348412,184.72045466556892
203.13421653735378,201.63130527737076
178.93233134872008,179.62476711362
188.6470666274455,189.23306793612187
171.35554152925664,172.2668973295058
181.31657108782778,182.13775118754234
218.25075944246925,216.28334389686393
217.08433380699708,215.1715283418887
204.1712450840725,206.63483079159255
169.6395833558581,170.37310080804662
205.67354759929663,204.86451898727455
207.99922300306508,210.65524726187482
182.72558732976452,183.07925181535006
194.41345460229132,195.58207297953595
218.22136153500648,217.62423629956038
194.73220199265555,194.5721361330218
196.35325353566247,195.60051831094574
212.624648096934,211.5330005790011
216.408876374112,216.64145039602187
223.32780120925074,220.8919655888795
183.11887114692414,185.0367930332905
187.24892992606587,186.64605774417288
206.18164529127156,205.63459899796163
174.69116236814423,173.33849159797165
191.72852288055245,193.22807739543674
201.09858505524574,204.13794500441696
192.57666408483308,193.85519577610836
198.79003914086502,198.68675580785504
195.58057467652247,195.88032163149916
197.72014049288876,198.342549886957
205.0073493498644,206.30414375959896
210.026058260893,209.82324788020838
194.76669245101738,194.69732516227356
209.70314423797498,206.2154565607612
210.31124111124063,212.47247115342321
205.2804952617234,203.30080415651088
201.00877097575312,200.26368540648133
207.52399541234786,205.9862460840448
169.02731985003868,168.70246782959322
216.45818152599838,214.59494037568408
199.69790207841652,198.48514535457122
187.2723093642843,187.38706926018978
216.88942799531466,215.86903130289585
197.98657349674434,195.4608223302867
213.5718625641601,212.92367169922437
194.85858984678683,195.00868036843627
218.50747030369936,217.09725540960386
207.2260811847525,208.14551517892647
206.28743146222033,207.99017379357207
192.3896285790856,194.5605702546216
202.71871067990736,202.3918691508307
215.81050164347184,216.21936832488115
180.25083907240528,182.70466303514655
187.61628802955747,188.05407416858685
210.02258606709813,210.8682949432494
179.48927123340872,180.5248123081006
200.50993246723107,198.79359938125646
169.6395833558581,170.30861266200446
172.58006854089547,172.72723904219987
174.40991467076404,174.87894308737356
169.4305572894101,169.51457081631617
186.77694304955705,188.0296203771091
193.6849883441387,196.2996138193849
231.33954117141158,226.37503771818007
184.0230304110945,183.47395054532086
183.35104517200423,182.7838122877095
197.6766223306604,197.36565687047317
206.8524731324302,208.05717059371324
190.4366353092942,190.22344776819187
177.3622053147038,178.07872161718666
213.10427379979143,213.90231931946533
185.91491307009716,185.25359200732697
209.2769903195578,207.77897811571353
186.73296192815602,188.02735375105038
190.52552347044153,189.62729680778517
199.83702130979557,197.97138861712375
220.70212826161008,219.44124017764267
213.19455083845665,211.39981175552936
220.93731152131235,219.75212023240994
186.38458515074274,187.64713157844977
186.94245095377667,187.07479256067933
199.6080879989239,197.48755386926035
195.40025207877832,197.17842358000672
205.90386978768623,207.52470380291635
211.6633133749424,210.62160385686326
202.84023746272595,206.66805439941032
200.7314584313404,201.60626192987303
202.6490353244247,201.43483739794607
211.74849786270855,211.38707642923083
207.2029332261204,207.66207279620022
200.45715512154985,201.52963864894497
209.7461994410307,210.15443110854136
192.4581465366367,194.0730206611218
185.6526466987953,185.60457812333794
181.77050255660353,183.36123383925764
198.4483752714551,197.95513833280398
210.68415472480393,209.73800726451333
201.88746748542817,201.69368919043205
178.6355745190564,179.91760893301836
191.50699691644311,193.31317654502305
193.43036079918545,194.08890388735637
223.0111371351634,219.68238064629583
203.37356642960984,199.564134770365
179.19945879133462,179.15803649677179
194.30327031920245,194.70226882486583
206.15571957760358,205.61647450457968
194.19516935239045,195.5271289983546
204.00319090440337,202.8438918779794
199.11989755137262,200.3320074530689
178.54298268452794,178.1518752020118
213.64176939922913,211.8523624341338
198.83564061937034,197.9890065321809
187.50540930770967,186.33206408578764
172.8851586356667,173.98418893902243
183.94386439257266,183.88645133245228
167.93936579432935,169.10039658924603
174.35111885583848,174.2630809903563
184.30381514930204,185.6419848860599
197.32477335945225,197.15680330506763
210.56077610529476,210.39834983371617
206.5397442113103,205.55211314275613
222.86183280198625,221.64782466593493
197.6129654444221,196.9772485887043
216.09661041216475,213.88853374775346
198.7180489895192,200.50897323372243
202.9467180724337,203.49837364205752
200.28099915635943,200.17181348729565
181.9630935724227,182.67352489117576
171.53725300451876,171.87370326396473
207.66797571503955,206.8533171540226
186.3517150494851,186.84840241430442
220.0910221537223,216.85799566722932
198.18032191049514,199.282416948528
192.88661525091715,191.1977313026626
183.0924824740835,185.2367311992951
215.51629108925763,215.0187096327673
198.3402743046431,199.53517842232628
207.7899654570308,208.04796767807562
177.78257224346302,178.93491688679757
182.31656290073508,181.36141352289616
180.19597841044717,180.5623926810634
171.46850356738136,171.8014640860942
183.33900823351553,183.28801538425506
179.74482469670727,179.93948852792806
205.06869144023955,206.5679926271601
174.88097562892756,175.0904925279287
192.93476300487194,192.94284979604373
190.3993670958965,191.93441556645172
203.07565220201457,202.96830960483504
209.45453516226607,210.03213235445452
193.17411289712797,193.7089330239699
222.22156026622199,220.78481716071707
221.4303630401764,220.9741069433781
190.82505805514108,189.61250542636986
220.88800636942597,221.0090824154957
212.77372095052485,212.47645734565805
187.7741571074285,187.9603223853033
196.87153632943546,197.53799840702578
166.0965568076268,167.25864995917908
211.48947220561521,211.28239649447147
190.41325587107576,191.06667909122376
183.81030067126537,183.822693909934
200.51872869151126,199.92096127294468
190.71117009867106,189.4929422168887
181.4174961874638,181.6825717506619
194.17711394465746,194.47372704641162
193.2076774371445,193.22242480292408
201.01895607755125,202.22308684790784
196.94398943995395,198.25505683441094
195.4606682508081,195.42583993485374
212.1093745377832,211.48456771142997
192.23291689914623,193.4740878284859
199.95947401095938,199.75943362530535
187.2660594154536,187.27170834523298
197.07755316126128,195.7408311742493
199.98933487759484,200.214533271746
199.5921159074678,199.39596460071522
208.97190022478654,209.4795661707256
192.69240387799366,193.04994980570046
175.35296250543635,174.99226285954484
200.4562292032046,203.1996775162507
192.66092265425402,192.2921801983985
197.1564877001968,197.99684744223083
213.83065674166713,212.61454646593762
217.52090430679868,216.0017501895823
173.47774637664884,172.2932872495757
215.93480618132628,216.07043177105885
186.5232414229491,187.4095261121359
224.73519709408322,222.29937806443064
196.59885337674913,198.57050875811098
191.8287535414295,190.1450859427444
173.91964090693588,175.1770963978509
206.68858558531483,207.30442840266193
218.22136153500648,217.6065476746299
191.5130153856875,192.1274381430881
209.59041367943658,209.13883250051964
214.35889315765195,214.64345807372734
180.1550065236683,180.74231596892417
181.62305006011698,181.7053186390787
186.87647927167512,187.98972579484717
207.3036268461701,209.8845953166329
204.58397318648306,203.9219405430918
171.08957148457367,170.95026970562054
195.05395861764188,196.16972366204033
217.94312307224845,216.3593927557095
198.17893303297726,198.83938191937074
235.0172888388817,231.93479636840863
205.06545072603103,206.59793011299945
195.86066497597108,194.27933547224853
184.37511086188894,184.79654877288402
193.0069846358041,193.8280417117158
198.12268349350117,197.93059796641938
186.86745156780864,188.30219774264975
193.79216339260537,194.48962159629178
217.0387323284918,214.69097279231397
223.29701442427003,221.06222497711957
175.84346774885086,175.46306463318825
200.88562383583027,202.396840966002
190.25654419113633,190.63386161710883
201.8365419764375,201.29962997662284
202.6133874681312,200.5649243135736
188.69752917726353,189.9020990946347
193.24633452806012,194.181020009517
184.3253427508299,184.34782081184886
206.79506619502254,208.04175250337659
196.86736969688167,195.336685677542
191.3336187062886,190.24755736861226
178.25641095666236,177.28527594642065
186.81536866088635,187.776202633251
193.0768914708731,192.37477977301722
195.87733150618618,195.2889890002121
218.07066832431138,216.55960329728856
208.41750661554738,207.09486358417922
198.77314113106357,197.3330746312518
189.66210461346367,191.17803592269803
194.41345460229132,195.3570517359936
189.26974671464936,190.00673758735337
211.4533613901491,210.59103628433928
205.25827322143653,206.46285115696497
202.02218860466704,202.87570501250508
183.92256827063116,184.83847693185163
188.03850679500724,187.53191562979515
198.81064082404762,197.43173267599292
189.47067099557609,190.05721160496051
187.7683701177705,188.38067076351064
204.5524919627434,203.0643118488561
188.27461597305478,186.94806152770462
186.22393831783583,185.85379171247445
219.85005190436198,218.92036111265548
194.6507211782705,197.30267739594802
187.12670870448827,187.8492752380817
180.62768783893605,180.32137246403983
187.75841649555863,188.95883875375108
185.29686257461972,185.92733987733556
189.3324776825424,188.87832538771482
190.50283847098208,192.81026779106816
216.03040725047694,216.6940313932019
197.46528146834916,196.7967585210361
196.37524409636296,197.09353375411075
220.41833428878036,218.6984348300444
218.93871677301567,218.2436707565542
192.92087422969263,193.20456210352228
182.73831870701218,181.48242523378025
207.42492214940236,207.98933705614542
197.57384539433377,199.74536419425846
194.64933230075255,194.05943185486768
207.75778979453213,209.59583747444987
187.055875951074,189.16643211203547
188.25818092242596,189.28825285727868
221.91971088565924,220.5871235467692
193.22920503867235,194.18181112680742
204.8228601195665,207.80629287489552
227.33216657302006,225.459241911412
176.97193073216638,176.58191891757866
199.73632768974585,198.81061140906382
208.56727390789717,207.05229561778248
223.50117941940525,221.39071006834826
214.95819380663738,214.45973173823592
213.51584450427043,213.38964085018443
212.80103554171075,211.4474766404797
211.77558097430813,212.45131464068032
208.33949799495716,207.74762482744273
203.38629780685756,205.48483109839577
204.6129081347732,203.76286130035174
235.90570749118226,232.55229402437664
194.1528085880937,193.22041432159386
185.73088679897185,186.1263567517081
181.26286782380132,180.91737336323746
204.6874445615686,206.55081070910734
191.022510142273,191.84923349356933
188.9773879971258,190.2771870138343
184.21191775353256,184.39697854098
205.6807234664726,205.88537355937052
193.61369263155183,194.45349021212434
199.05230551216687,198.99261730866334
183.51099756615213,182.2178720133566
198.68911404122906,199.44394607214332
220.8720342779698,219.5838617584762
196.0856631338752,194.9330458093885
213.98505362574338,211.40775011975535
205.47401219588778,203.09890413811564
170.2115694136576,169.69601208377998
179.20547726057902,179.24694517277618
199.7444294752671,200.81227886241896
186.80009100818913,188.14954083487038
203.6890731057656,204.27616940771492
196.9500079091983,196.86900954333856
199.39165458571367,201.32162991141814
197.98587905798541,199.32198147813648
176.49068467220474,175.9957146530308
192.50953500479994,193.7357935231169
213.3218646109333,213.39456754166423
207.53857862628604,206.58836624378097
218.32136071629716,217.67284292859682
205.71845463904293,206.57773187661184
200.21965706598436,201.50275673373682
188.60516882232136,189.27027242638934
